0
58
45
66
48
45
70
35
63
47
46
50
43
40
64
22
44
48
41
29
23
17
26
24
19
34
33
23
21
34
45
47
46
36
35
25
38
34
50
23
54
43
39
29
29
31
23
27
25
21
21
19
33
35
37
58
38
27
48
49
41
27
29
28
19
42
56
18
21
34
25
35
24
32
20
27
22
15
16
21
22
27
28
11
21
19
27
34
34
24
40
51
37
37
36
56
70
58
41
40
39
43
50
39
51
41
51
32
54
36
49
52
25
28
19
12
33
16
24
27
34
29
32
20
21
17
20
21
25
27
35
29
16
22
18
32
34
24
25
26
40
28
46
47
58
45
54
52
49
37
45
75
39
69
67
55
40
57
36
54
25
55
40
48
65
47
53
38
50
36
27
30
32
26
34
35
48
51
45
62
22
41
46
46
41
33
52
63
56
25
38
49
49
61
53
45
42
70
58
52
33
66
64
54
52
54
44
66
42
43
33
21
57
49
33
34
47
40
48
30
60
64
60
53
66
43
45
59
62
46
57
43
51
75
64
73
61
55
47
69
46
66
59
58
73
59
58
59
53
37
44
39
35
40
37
52
56
62
50
56
64
57
82
66
59
51
52
51
61
59
55
45
37
33
49
69
86
70
85
99
74
93
105
101
99
106
133
90
136
111
125
140
122
118
106
106
98
125
113
124
103
85
115
122
81
130
147
115
118
135
98
118
130
143
115
113
112
110
131
134
116
115
108
115
98
118
99
116
68
60
66
80
93
79
89
86
98
105
88
93
86
109
91
78
80
75
83
81
94
95
86
83
85
74
58
72
59
54
30
23
35
44
57
30
36
40
